   1.2695312e-02
   2.5390625e-02
  -3.4179688e-03
   5.2734375e-02
   3.1738281e-02
   5.9082031e-02
   5.5664062e-02
   4.1992188e-02
   3.0273438e-02
  -8.3007812e-03
  -4.8339844e-02
  -5.6152344e-02
  -4.4921875e-02
  -8.3007812e-03
   0.0000000e+00
   1.7578125e-02
   2.9296875e-02
   4.5410156e-02
   3.6621094e-02
   2.3437500e-02
  -1.5625000e-02
   1.9531250e-03
  -2.4414062e-03
   4.8828125e-03
  -1.8554688e-02
  -3.9062500e-03
  -9.2773438e-03
   2.4902344e-02
   9.7656250e-03
   2.3437500e-02
   1.9531250e-03
   6.8359375e-03
  -2.3437500e-02
  -6.8359375e-03
  -8.7890625e-03
  -1.5136719e-02
  -1.6601562e-02
  -2.7343750e-02
  -1.8066406e-02
  -1.5136719e-02
  -7.8125000e-03
  -2.6367188e-02
  -3.9062500e-03
  -3.2714844e-02
   0.0000000e+00
  -1.2695312e-02
   0.0000000e+00
  -1.9531250e-02
  -1.5136719e-02
  -3.1738281e-02
  -1.7578125e-02
  -4.5898438e-02
  -4.8339844e-02
  -7.0312500e-02
  -8.8378906e-02
  -1.1035156e-01
  -1.0009766e-01
  -1.1523438e-01
  -1.1914062e-01
  -1.1767578e-01
  -1.1816406e-01
  -1.1865234e-01
  -8.8378906e-02
  -7.8125000e-02
  -3.9550781e-02
  -1.1230469e-02
   2.0507812e-02
   3.6132812e-02
   8.5449219e-02
   8.9355469e-02
   1.4062500e-01
   1.4111328e-01
   1.5869141e-01
   1.5820312e-01
   1.5966797e-01
   1.5771484e-01
   1.4599609e-01
   1.5332031e-01
   1.0009766e-01
   1.2158203e-01
   5.6152344e-02
   6.5917969e-02
   9.2773438e-03
   0.0000000e+00
  -5.6640625e-02
  -6.1035156e-02
  -1.1181641e-01
  -1.1474609e-01
  -1.3867188e-01
  -1.3427734e-01
  -1.4453125e-01
  -1.2500000e-01
  -1.2353516e-01
  -9.8632812e-02
  -5.3222656e-02
  -4.4433594e-02
   8.3007812e-03
   1.6113281e-02
   5.7617188e-02
   6.9335938e-02
   1.1669922e-01
   1.1914062e-01
   1.3330078e-01
   1.2304688e-01
   1.1279297e-01
   9.4726562e-02
   7.4218750e-02
   5.1269531e-02
   3.2714844e-02
   1.1718750e-02
   6.8359375e-03
   1.9531250e-02
   1.3183594e-02
   4.2480469e-02
   4.1015625e-02
   4.0527344e-02
   4.4921875e-02
   4.1503906e-02
   3.2714844e-02
   3.5156250e-02
   2.2460938e-02
   1.4648438e-02
   4.3945312e-03
  -4.8828125e-03
  -2.0019531e-02
  -4.0039062e-02
  -5.3710938e-02
  -6.7871094e-02
  -8.9355469e-02
  -9.3261719e-02
  -9.2773438e-02
  -1.2109375e-01
  -1.0839844e-01
  -1.1572266e-01
  -1.2695312e-01
  -1.0253906e-01
  -8.4960938e-02
  -7.2265625e-02
  -3.0273438e-02
  -3.9062500e-03
   2.0507812e-02
   5.0781250e-02
   8.4472656e-02
   8.1054688e-02
   1.0107422e-01
   9.8632812e-02
   9.5214844e-02
   7.9101562e-02
   7.5683594e-02
   3.0273438e-02
   5.0781250e-02
   3.0761719e-02
   4.4433594e-02
   4.6386719e-02
   5.6152344e-02
   4.3945312e-02
   4.8339844e-02
   5.3222656e-02
   3.0273438e-02
   6.1035156e-02
   3.0761719e-02
   3.4667969e-02
   2.5390625e-02
   7.3242188e-03
  -1.2695312e-02
  -1.3671875e-02
  -8.3007812e-03
  -2.8320312e-02
   4.3945312e-03
  -1.3671875e-02
   2.9296875e-03
   2.7343750e-02
   3.7109375e-02
   5.3710938e-02
   6.7382812e-02
   7.1289062e-02
   5.4687500e-02
   5.6640625e-02
   2.7343750e-02
   1.2207031e-02
  -3.9062500e-03
  -1.6113281e-02
  -3.2226562e-02
  -2.5878906e-02
  -3.8085938e-02
  -3.5644531e-02
  -1.3671875e-02
  -2.4902344e-02
  -3.4179688e-03
  -1.4648438e-03
   8.3007812e-03
   0.0000000e+00
   1.4648438e-03
  -1.8066406e-02
  -2.9296875e-02
  -4.2968750e-02
  -4.8828125e-02
  -6.0546875e-02
  -6.5429688e-02
  -6.8847656e-02
  -7.2265625e-02
  -5.9570312e-02
  -6.5917969e-02
  -6.7871094e-02
  -6.0546875e-02
  -6.1035156e-02
  -5.7617188e-02
  -5.0781250e-02
  -4.8339844e-02
  -4.8339844e-02
  -2.2460938e-02
  -1.6113281e-02
   1.3183594e-02
   3.8085938e-02
   5.1269531e-02
   5.4687500e-02
   7.0312500e-02
   5.9082031e-02
   5.0781250e-02
   4.5898438e-02
   2.0507812e-02
   4.8828125e-04
  -2.0996094e-02
  -3.4179688e-02
  -4.1992188e-02
  -5.7128906e-02
  -6.2011719e-02
  -7.8613281e-02
  -7.4707031e-02
  -7.7636719e-02
  -7.5683594e-02
  -5.7617188e-02
  -5.5664062e-02
  -3.4667969e-02
  -1.7578125e-02
   1.0253906e-02
   2.3925781e-02
   4.3945312e-02
   5.2246094e-02
   6.0058594e-02
   7.0312500e-02
   7.0800781e-02
   7.8125000e-02
   6.6406250e-02
   7.6171875e-02
   5.0781250e-02
   5.9570312e-02
   4.9804688e-02
   3.7597656e-02
   3.2226562e-02
   2.2949219e-02
   2.5878906e-02
   1.7578125e-02
   1.6601562e-02
   1.4648438e-03
   3.4179688e-03
  -2.9296875e-03
  -1.0253906e-02
   6.3476562e-03
   1.3671875e-02
   3.5644531e-02
   5.3222656e-02
   6.8359375e-02
   6.1523438e-02
   5.5175781e-02
   1.7578125e-02
  -3.6621094e-02
  -8.5937500e-02
  -1.6699219e-01
  -2.2216797e-01
  -2.7587891e-01
  -2.9882812e-01
  -3.0175781e-01
  -2.6123047e-01
  -2.0068359e-01
  -1.1572266e-01
  -4.8828125e-03
   8.7890625e-02
   1.9384766e-01
   2.7050781e-01
   3.2421875e-01
   3.4960938e-01
   3.5107422e-01
   3.1591797e-01
   2.7539062e-01
   2.1337891e-01
   1.4843750e-01
   8.6425781e-02
   3.9550781e-02
  -3.9062500e-03
  -2.0019531e-02
  -2.4414062e-02
  -3.9550781e-02
  -2.5878906e-02
  -1.5625000e-02
   1.8554688e-02
  -8.5449219e-02
  -1.2304688e-01
  -9.6679688e-02
  -3.3154297e-01
  -2.6074219e-01
  -3.7255859e-01
  -4.1015625e-01
  -3.7841797e-01
  -3.1152344e-01
  -2.5488281e-01
  -1.4111328e-01
   2.4414062e-02
   7.0312500e-02
   2.2509766e-01
   2.7539062e-01
   2.6855469e-01
   2.3193359e-01
   1.8603516e-01
   6.2500000e-02
  -2.8808594e-02
  -8.5937500e-02
  -1.7626953e-01
  -1.6796875e-01
  -1.3769531e-01
  -9.1308594e-02
   3.9062500e-03
   1.1914062e-01
   1.9238281e-01
   2.8369141e-01
   3.4765625e-01
   3.3203125e-01
   3.2275391e-01
   2.8857422e-01
   2.0068359e-01
   1.3818359e-01
   8.9355469e-02
   1.9042969e-02
   3.9062500e-03
   2.9296875e-02
  -8.7890625e-03
  -7.8125000e-02
  -7.6660156e-02
  -1.1914062e-01
  -2.7587891e-01
  -2.3779297e-01
  -3.5156250e-01
  -3.8574219e-01
  -3.5058594e-01
  -3.0273438e-01
  -2.5585938e-01
  -1.3525391e-01
   9.7656250e-04
   7.4218750e-02
   2.2802734e-01
   3.0908203e-01
   3.3398438e-01
   3.3496094e-01
   2.7392578e-01
   1.5576172e-01
   5.4199219e-02
  -4.7851562e-02
  -1.7626953e-01
  -2.1777344e-01
  -2.5146484e-01
  -2.3486328e-01
  -1.6406250e-01
  -5.6640625e-02
   3.7109375e-02
   1.5136719e-01
   2.5683594e-01
   3.1640625e-01
   3.6328125e-01
   3.6083984e-01
   3.1347656e-01
   2.5292969e-01
   1.8164062e-01
   8.1542969e-02
   3.0273438e-02
  -2.0019531e-02
  -5.0781250e-02
  -7.0312500e-02
  -4.6875000e-02
  -1.6601562e-02
  -1.9531250e-02
  -5.0292969e-02
  -9.4726562e-02
  -1.0888672e-01
  -2.6562500e-01
  -2.8417969e-01
  -3.7011719e-01
  -4.2724609e-01
  -4.1503906e-01
  -3.7158203e-01
  -3.0322266e-01
  -2.1191406e-01
  -6.1523438e-02
   3.6132812e-02
   1.6357422e-01
   2.6562500e-01
   2.9882812e-01
   2.7343750e-01
   2.2021484e-01
   1.4257812e-01
   1.2695312e-02
  -7.6660156e-02
  -1.4941406e-01
  -2.1875000e-01
  -2.1826172e-01
  -1.7431641e-01
  -1.0449219e-01
  -7.8125000e-03
   1.1328125e-01
   2.1191406e-01
   2.9492188e-01
   3.5449219e-01
   3.6376953e-01
   3.2666016e-01
   2.6708984e-01
   1.9140625e-01
   8.0078125e-02
   1.6113281e-02
  -4.4433594e-02
  -9.1796875e-02
  -9.0332031e-02
  -6.4453125e-02
  -2.8320312e-02
   3.2714844e-02
   6.9335938e-02
   1.4648438e-02
   1.3671875e-02
  -2.2460938e-02
  -1.7626953e-01
  -2.1435547e-01
  -3.0761719e-01
  -3.6669922e-01
  -3.8769531e-01
  -3.1982422e-01
  -2.7832031e-01
  -1.9091797e-01
  -3.7109375e-02
   6.7382812e-02
   1.8652344e-01
   2.8759766e-01
   3.4179688e-01
   3.1738281e-01
   2.5781250e-01
   1.6406250e-01
   6.2500000e-02
  -7.5195312e-02
  -1.4306641e-01
  -2.1777344e-01
  -2.3876953e-01
  -1.9824219e-01
  -1.2011719e-01
  -1.7578125e-02
   9.5214844e-02
   2.2070312e-01
   2.9589844e-01
   3.6621094e-01
   3.8427734e-01
   3.5839844e-01
   2.9199219e-01
   1.9873047e-01
   1.1230469e-01
   2.3437500e-02
  -5.3710938e-02
  -8.0078125e-02
  -1.1132812e-01
  -1.0058594e-01
  -7.4218750e-02
  -6.8359375e-03
   1.7578125e-02
  -2.4414062e-02
  -2.3925781e-02
  -4.4433594e-02
  -1.9335938e-01
  -2.2851562e-01
  -3.0566406e-01
  -3.6572266e-01
  -3.9453125e-01
  -3.3007812e-01
  -2.8369141e-01
  -2.2021484e-01
  -6.7871094e-02
   4.1992188e-02
   1.4697266e-01
   2.4658203e-01
   3.1445312e-01
   2.9882812e-01
   2.7148438e-01
   1.8798828e-01
   4.1992188e-02
  -4.4433594e-02
  -1.7333984e-01
  -2.5781250e-01
  -3.0468750e-01
  -2.8027344e-01
  -2.2949219e-01
  -1.3623047e-01
   1.0253906e-02
   1.2060547e-01
   2.4511719e-01
   3.4277344e-01
   4.1162109e-01
   4.0478516e-01
   3.8916016e-01
   3.2275391e-01
   2.0605469e-01
   1.1132812e-01
   2.3437500e-02
  -4.5898438e-02
  -1.0644531e-01
  -8.8867188e-02
  -7.9589844e-02
  -4.7363281e-02
   2.7343750e-02
   4.9804688e-02
  -1.4648438e-02
   1.7089844e-02
  -5.5664062e-02
  -1.6943359e-01
  -2.2851562e-01
  -2.8564453e-01
  -3.3642578e-01
  -3.6718750e-01
  -2.8027344e-01
  -2.3632812e-01
  -1.5576172e-01
  -1.5136719e-02
   1.1132812e-01
   2.0410156e-01
   2.7685547e-01
   3.4472656e-01
   3.2226562e-01
   2.8076172e-01
   2.1337891e-01
   6.1035156e-02
  -6.4453125e-02
  -1.5380859e-01
  -2.6611328e-01
  -3.1103516e-01
  -3.0712891e-01
  -2.2558594e-01
  -1.6357422e-01
  -2.0996094e-02
   1.1523438e-01
   2.2656250e-01
   3.2080078e-01
   3.9306641e-01
   4.2382812e-01
   3.7207031e-01
   3.1787109e-01
   2.1582031e-01
   1.0693359e-01
  -5.3710938e-03
  -7.8613281e-02
  -1.2646484e-01
  -1.5771484e-01
  -1.4306641e-01
  -1.1035156e-01
  -4.1503906e-02
   8.7890625e-03
   3.5156250e-02
  -1.1718750e-02
  -1.9531250e-03
  -8.7402344e-02
  -1.8066406e-01
  -2.5000000e-01
  -3.1298828e-01
  -3.5156250e-01
  -3.7109375e-01
  -2.9687500e-01
  -2.4169922e-01
  -1.4648438e-01
  -2.5390625e-02
   9.9609375e-02
   1.9042969e-01
   2.5048828e-01
   3.0322266e-01
   2.8173828e-01
   2.2070312e-01
   1.2109375e-01
  -9.7656250e-04
  -1.0058594e-01
  -2.1533203e-01
  -2.6757812e-01
  -2.9638672e-01
  -2.5976562e-01
  -1.8896484e-01
  -8.1542969e-02
   5.2246094e-02
   1.6503906e-01
   2.7978516e-01
   3.5107422e-01
   3.9990234e-01
   3.8378906e-01
   3.4521484e-01
   2.6171875e-01
   1.6162109e-01
   6.5917969e-02
  -1.9042969e-02
  -6.7871094e-02
  -1.0644531e-01
  -1.0107422e-01
  -8.2031250e-02
  -3.6621094e-02
   1.2695312e-02
   6.5917969e-02
   1.1816406e-01
   1.1279297e-01
   4.1992188e-02
   0.0000000e+00
  -6.6894531e-02
  -1.8212891e-01
  -2.6513672e-01
  -3.1884766e-01
  -3.3007812e-01
  -3.4619141e-01
  -2.6904297e-01
  -1.7089844e-01
  -6.9335938e-02
   3.3203125e-02
   1.5136719e-01
   2.5195312e-01
   2.8515625e-01
   3.0566406e-01
   2.7832031e-01
   1.7919922e-01
   3.4667969e-02
  -5.4687500e-02
  -1.5820312e-01
  -2.4902344e-01
  -2.9589844e-01
  -2.6123047e-01
  -2.0361328e-01
  -1.2792969e-01
   2.9296875e-03
   1.3183594e-01
   2.3583984e-01
   2.9833984e-01
   3.5937500e-01
   3.6230469e-01
   3.0908203e-01
   2.2998047e-01
   1.4843750e-01
   5.3710938e-02
  -5.2734375e-02
  -1.0400391e-01
  -1.2939453e-01
  -1.3427734e-01
  -1.2451172e-01
  -8.1542969e-02
  -3.0761719e-02
   1.3183594e-02
   5.2246094e-02
   8.4960938e-02
   7.7148438e-02
  -8.7890625e-03
  -6.9335938e-02
  -1.2792969e-01
  -2.2216797e-01
  -3.0078125e-01
  -3.4667969e-01
  -3.2470703e-01
  -3.1835938e-01
  -2.4511719e-01
  -1.4599609e-01
  -2.8808594e-02
   6.2988281e-02
   1.5087891e-01
   2.4169922e-01
   2.7246094e-01
   2.5048828e-01
   1.7968750e-01
   1.0351562e-01
   4.8828125e-03
  -9.3750000e-02
  -1.7089844e-01
  -1.9921875e-01
  -2.0117188e-01
  -1.6943359e-01
  -9.5214844e-02
   9.2773438e-03
   1.1474609e-01
   2.0263672e-01
   2.8271484e-01
   3.2910156e-01
   3.3349609e-01
   2.9589844e-01
   2.3925781e-01
   1.6796875e-01
   7.4218750e-02
  -7.8125000e-03
  -6.3476562e-02
  -8.6425781e-02
  -1.0400391e-01
  -8.9355469e-02
  -5.1757812e-02
  -9.2773438e-03
   3.4667969e-02
   6.7871094e-02
   1.0644531e-01
   1.1718750e-01
   8.6914062e-02
  -2.9296875e-03
  -4.7363281e-02
  -1.2792969e-01
  -2.0605469e-01
  -2.8662109e-01
  -3.1250000e-01
  -2.9394531e-01
  -2.7294922e-01
  -1.9726562e-01
  -1.1132812e-01
   2.9296875e-03
   8.0078125e-02
   1.6845703e-01
   2.2949219e-01
   2.4609375e-01
   1.9775391e-01
   1.1718750e-01
   5.9082031e-02
  -3.5644531e-02
  -1.1474609e-01
  -1.7724609e-01
  -1.7431641e-01
  -1.5771484e-01
  -1.2109375e-01
  -4.0527344e-02
   5.6152344e-02
   1.5429688e-01
   2.1484375e-01
   2.8173828e-01
   3.0371094e-01
   2.9003906e-01
   2.2509766e-01
   1.5478516e-01
   7.1289062e-02
  -2.1972656e-02
  -8.7890625e-02
  -1.3330078e-01
  -1.4648438e-01
  -1.4794922e-01
  -1.1767578e-01
  -6.7871094e-02
  -1.1718750e-02
   3.0273438e-02
   6.4453125e-02
   8.6425781e-02
   4.7363281e-02
  -2.1484375e-02
  -8.2031250e-02
  -1.6210938e-01
  -2.3730469e-01
  -3.1787109e-01
  -3.3251953e-01
  -3.2177734e-01
  -2.7197266e-01
  -2.0996094e-01
  -1.1132812e-01
   9.7656250e-04
   1.0058594e-01
   1.8945312e-01
   2.3876953e-01
   2.4804688e-01
   2.0019531e-01
   1.3916016e-01
   6.7871094e-02
  -1.3183594e-02
  -8.3496094e-02
  -1.2402344e-01
  -1.2255859e-01
  -9.9121094e-02
  -4.3945312e-02
   3.3203125e-02
   1.3134766e-01
   2.1826172e-01
   2.8320312e-01
   3.1835938e-01
   3.1640625e-01
   2.8466797e-01
   2.1679688e-01
   1.3378906e-01
   4.0039062e-02
  -3.3203125e-02
  -8.9355469e-02
  -1.1669922e-01
  -1.1523438e-01
  -9.1796875e-02
  -4.4433594e-02
   1.1718750e-02
   7.4218750e-02
   1.1865234e-01
   1.0742188e-01
   5.5664062e-02
   4.3945312e-03
  -7.0312500e-02
  -1.5527344e-01
  -2.5830078e-01
  -3.1640625e-01
  -3.3398438e-01
  -3.1445312e-01
  -2.6904297e-01
  -1.9433594e-01
  -8.6425781e-02
   2.5390625e-02
   1.2988281e-01
   2.0849609e-01
   2.5878906e-01
   2.3730469e-01
   1.8261719e-01
   1.1279297e-01
   3.0273438e-02
  -4.9316406e-02
  -1.3232422e-01
  -1.6748047e-01
  -1.7431641e-01
  -1.3427734e-01
  -8.4960938e-02
   2.9296875e-03
   9.2285156e-02
   1.8066406e-01
   2.4267578e-01
   2.6464844e-01
   2.5341797e-01
   2.0751953e-01
   1.4794922e-01
   5.6152344e-02
  -2.5878906e-02
  -9.3261719e-02
  -1.2353516e-01
  -1.3867188e-01
  -1.2500000e-01
  -8.8867188e-02
  -3.7597656e-02
   2.2949219e-02
   6.2988281e-02
   5.0781250e-02
   2.2949219e-02
  -2.3437500e-02
  -8.3007812e-02
  -1.6162109e-01
  -2.4169922e-01
  -2.8759766e-01
  -2.9882812e-01
  -2.7539062e-01
  -2.3681641e-01
  -1.6406250e-01
  -6.6894531e-02
   4.5410156e-02
   1.4111328e-01
   2.0312500e-01
   2.2314453e-01
   2.1044922e-01
   1.7431641e-01
   1.1718750e-01
   4.8828125e-02
  -1.6601562e-02
  -5.8105469e-02
  -8.0078125e-02
  -7.1777344e-02
  -3.6132812e-02
   2.6367188e-02
   1.0205078e-01
   1.7724609e-01
   2.3388672e-01
   2.6269531e-01
   2.6416016e-01
   2.3681641e-01
   1.8115234e-01
   1.0205078e-01
   2.2460938e-02
  -4.1992188e-02
  -8.5449219e-02
  -1.1425781e-01
  -1.1572266e-01
  -8.6914062e-02
  -3.7109375e-02
   1.2695312e-02
   5.5175781e-02
   6.2988281e-02
   5.3710938e-02
   2.2460938e-02
  -2.0996094e-02
  -7.4218750e-02
  -1.4208984e-01
  -1.9091797e-01
  -2.2070312e-01
  -2.1484375e-01
  -1.9433594e-01
  -1.4013672e-01
  -7.3242188e-02
   8.7890625e-03
   7.6171875e-02
   1.2060547e-01
   1.3867188e-01
   1.2988281e-01
   1.0888672e-01
   6.1035156e-02
   1.3671875e-02
  -3.7597656e-02
  -6.2988281e-02
  -7.8125000e-02
  -6.3964844e-02
  -3.3691406e-02
   2.7343750e-02
   9.1796875e-02
   1.4306641e-01
   1.7333984e-01
   1.7724609e-01
   1.6210938e-01
   1.2011719e-01
   6.2988281e-02
  -9.7656250e-03
  -6.0546875e-02
  -9.4726562e-02
  -1.1035156e-01
  -1.1181641e-01
  -8.6914062e-02
  -4.4433594e-02
   2.4414062e-03
   4.1015625e-02
   6.0546875e-02
   4.8339844e-02
   9.7656250e-03
  -4.1503906e-02
  -9.6679688e-02
  -1.5429688e-01
  -1.9433594e-01
  -2.1191406e-01
  -1.9921875e-01
  -1.5283203e-01
  -9.4238281e-02
  -2.0996094e-02
   3.9062500e-02
   8.7402344e-02
   1.1474609e-01
   1.2304688e-01
   1.1425781e-01
   8.0078125e-02
   3.9062500e-02
  -2.9296875e-03
  -2.4902344e-02
  -3.7597656e-02
  -2.8808594e-02
  -1.1718750e-02
   2.6367188e-02
   6.5429688e-02
   1.0253906e-01
   1.2304688e-01
   1.2500000e-01
   1.1181641e-01
   8.7890625e-02
   5.9570312e-02
   2.0019531e-02
  -5.3710938e-03
  -1.8554688e-02
  -1.1718750e-02
   3.4179688e-03
   2.5878906e-02
   4.9804688e-02
   7.2265625e-02
   9.5703125e-02
   1.0888672e-01
   1.0058594e-01
   6.9335938e-02
   1.6601562e-02
  -2.1972656e-02
  -6.1035156e-02
  -9.1308594e-02
  -1.2500000e-01
  -1.6113281e-01
  -1.7431641e-01
  -1.6113281e-01
  -1.2353516e-01
  -1.0253906e-01
  -1.0400391e-01
  -1.0839844e-01
  -9.7167969e-02
  -7.3242188e-02
  -5.5664062e-02
  -4.4921875e-02
  -3.6621094e-02
  -1.5136719e-02
   1.4160156e-02
   5.4687500e-02
   9.3261719e-02
   1.2744141e-01
   1.4794922e-01
   1.4794922e-01
   1.3916016e-01
   1.2841797e-01
   1.0986328e-01
   8.6425781e-02
   6.7871094e-02
   4.4921875e-02
   2.8808594e-02
   1.9531250e-02
   1.8554688e-02
   1.7089844e-02
   1.6113281e-02
   4.8828125e-03
  -1.6113281e-02
  -4.1503906e-02
